
PS.Red1 = [236, 112, 99]./255;
PS.Red2 = [231, 76, 60]./255;
PS.Red3 = [203, 67, 53]./255;
PS.Red4 = [176, 58, 46]./255;
PS.Red5 = [120, 40, 31]./255;

PS.Grey1 = [244, 246, 247]./255;
PS.Grey2 = [202, 207, 210]./255;
PS.Grey3 = [166, 172, 175]./255;
PS.Grey4 = [144, 148, 151]./255;
PS.Grey5 = [98, 101, 103]./255;